3261,23
10,101
10,25
10,115
10,293
10,283
10,7
10,197
11,17
11,29
11,7
8,11
8,13
8,4
8,7
0,551
3273,6
3273,5
3273,4
3273,3
3273,2
3273,1
3273,0
3270,5
3270,4
3270,3
3270,2
3270,1
3270,0
3267,5
3267,4
3267,3
3267,2
3267,1
3267,0
3264,3
3264,2
3264,1
3264,0
3263,4
3263,3
3263,2
3263,1
3263,0
3261,22
3261,21
3261,20
3261,19
3261,18
3261,17
3261,16
3261,15
3261,14
3261,13
3261,12
3261,11
3261,10
3261,9
3261,8
3261,7
3261,6
3261,5
3261,4
3261,3
3261,2
3261,1
3261,0
3260,5
3260,4
3260,3
3260,2
3260,1
3260,0
3257,3
3257,2
3257,1
3257,0
3256,5
3256,4
3256,1
3256,3
3241,5
3241,4
3241,3
3241,1
20,3
20,2
20,1
19,3
19,2
19,1
18,3
18,1
14,5
14,4
14,3
14,1
13,3
13,1
12,3
12,2
12,1
11,27
11,23
11,21
11,19
11,3
11,2
11,1
10,295
10,125
10,119
10,99
10,35
10,31
10,15
10,9
10,3
